123456  7890
987654  2345
345678  8901
456789  5678
890123  1234
234567  4567
678901  0123
789012  3456
654321  7890
345678  9012
012345  6789
543210  2345
456789  8901
987654  1234
890123  5678
234567  9012
567890  2345
123456  7890
345678  9012
678901  2345
987654  6789
456789  0123
789012  3456
567890  8901
123456  4567
789012  0123
234567  5678
890123  2345
012345  6789
456789  3456
567890  9012
123456  0123
789012  5678
234567  2345
456789  8901
890123  5678
345678  9012
567890  2345
012345  6789
789012  3456
234567  8901
456789  0123
890123  5678
123456  2345
345678  6789
789012  9012
456789  0123
567890  3456
234567  7890
890123  4567
012345  8901
678901  1234
789012  5678
234567  0123
890123  4567
567890  7890
345678  2345
123456  6789
456789  9012
890123  3456
234567  5678
789012  0123
567890  6789
123456  3456
890123  9012
456789  2345
678901  5678
234567  8901
789012  0123
456789  1234
567890  5678
123456  2345
890123  7890
345678  0123
678901  4567
789012  5678
234567  8901
890123  2345
456789  6789
567890  0123
123456  4567
890123  7890
345678  2345
567890  6789
012345  0123
678901  2345
789012  3456
456789  5678
890123  9012
234567  2345
567890  5678
123456  6789
789012  9012
012345  3456
234567  0123
456789  5678
890123  2345
567890  8901
678901  4567
123456  7890
345678  2345
890123  5678
456789  0123
678901  3456
234567  6789
789012  0123
567890  3456
123456  7890
456789  2345
890123  5678
234567  8901
678901  0123
567890  3456
123456  6789
890123  0123
456789  5678
234567  9012
789012  3456
567890  6789
123456  2345
890123  5678
456789  0123
234567  3456
789012  6789
567890  9012
123456  2345
890123  5678
456789  0123
234567  3456
789012  6789
567890  9012
123456  2345
890123  5678
456789  0123
234567  3456
789012  6789
567890  9012
123456  2345
890123  5678
456789  0123
234567  3456
789012  6789
567890  9012
123456  2345
890123  5678
456789  0123
234567  3456
789012  6789
567890  9012
